001100100011000000110000001101100011010000110101001110010011
010000110001001100000011101000111010001100110011000100110100
001101110011001000110010001100100011010000110010001110100011
101000110010001100000011000000110110001101000011010100111001
001101000011000100110000001110100011101000110111001100010011
100000110111001100010011010100111000001100110011001100111010
001110100011000100110010001101110011100100110010001100000011
000100110001001101100011000100111010001110100011001100110001
001101000011011100110010001100100011001000110100001100100011
101000111010
